0.5141129493713379
0.5880687832832336
0.6173989772796631
0.6379566192626953
0.6494987607002258
0.6638386249542236
0.6609869003295898
0.659540057182312
0.6653599143028259
0.6728314757347107
0.6862491965293884
0.6926630139350891
0.6967874765396118
0.6978005766868591
0.7038738131523132
0.7103917598724365
0.7144442200660706
0.7252092361450195
0.7335351705551147
0.7434943318367004
0.7353178262710571
0.7479329109191895
0.7597309350967407
0.7611902356147766
0.7529935240745544
0.7609344124794006
0.7527468800544739
0.7737419605255127
0.7733016610145569
0.7841830253601074
0.7832133769989014
0.7918953895568848
0.8076168298721313
0.8161717653274536
0.8248032927513123
0.8281785249710083
0.8437493443489075
0.8503839373588562
0.8614969849586487
0.866935670375824
0.8704630136489868
0.8779226541519165
0.8835844397544861
0.8872033357620239
0.8838855028152466
0.890984296798706
0.8911690711975098
0.8940765261650085
0.8939206600189209
0.8940851092338562
0.9014202952384949
0.9049766659736633
0.9059190154075623
0.9051060676574707
0.9069663882255554
0.9091061949729919
0.9069095849990845
0.9089912176132202
0.9129395484924316
0.9151154160499573
0.9120662212371826
0.9174461364746094
0.9185228943824768
0.91987144947052
0.9180163741111755
0.9211558699607849
0.9203813076019287
0.9200636744499207
0.9218072295188904
0.924752950668335
