0.6660779361822167
0.6506277500809013
0.6436420558556113
0.6403798615224728
0.6357260710233218
0.6341315389564175
0.6334697329378748
0.6333337472630786
0.6323056106554112
0.6298405326806106
0.6279191044686234
0.6265813871969319
0.6267937638542869
0.6265932142955695
0.624793308342985
0.623782179351198
0.6248053590419783
0.621629155080261
0.6207351436309779
0.6191870428082673
0.6200446122652524
0.6189064046779236
0.6169903607890425
0.6168496246572328
0.6180285184967275
0.6176219934214024
0.6177664963677111
0.6151344911618666
0.6151234948237
0.6139455515068847
0.6140726082621346
0.6133917573431649
0.6122147578034197
0.6117031629541145
0.6096270897724633
0.6092483526811087
0.6074510932189856
0.6067850348679608
0.6051876882785768
0.604584149007231
0.6041674591835885
0.603539508271527
0.6024705638248535
0.6019704779800104
0.6024314710293276
0.6018016493718567
0.6013390096198208
0.6010567467376341
0.6008063909184733
0.6009280173477746
0.6000485487130224
0.5996774333859197
0.5994702184465688
0.5994844005921776
0.5992114480329135
0.599025540261189
0.5991366701356113
0.5988820300805546
0.5983720296831432
0.5984237258199858
0.5986165636545652
0.5981040499648269
0.5978657434070708
0.5977937998267405
0.597842724402893
0.5976495155045185
0.5978433843114601
0.5976924928862443
0.5976164512377723
0.59724801386221
