4654
4221
620
633
5297
2382
5756
2223
99
160
895
1081
4840
642
5386
3527
2256
4778
4315
323
5395
4686
5186
5969
1378
4802
3956
911
4205
2809
2468
152
3410
5474
5481
1028
2439
4198
2
5488
343
4429
5587
2272
2865
3356
5630
5836
1327
5972
3524
5712
598
3160
982
4410
4399
2854
3227
1869
2890
5493
3389
5255
5805
1369
3171
5648
1974
3678
113
273
3601
5655
2248
4499
3800
150
5320
3370
4479
2286
503
773
5862
227
2830
5060
3539
5713
4234
4362
3269
4126
922
4197
5193
4329
3639
2825
3869
4502
1352
4525
2814
4472
5137
599
1310
4036
4931
395
1659
324
173
4273
621
2603
4402
1637
622
2774
5701
5472
5327
5384
2510
2376
4584
429
5328
2543
1610
3220
2644
510
5365
4339
5221
2822
2446
2555
1251
3897
3628
2751
1194
10
4134
1146
2664
4685
2857
3888
2287
4286
2750
2017
1224
5697
5938
2620
4028
1881
5044
681
582
5553
3473
4013
5955
1041
901
3113
3480
2806
2848
5732
2817
908
2134
848
1181
5982
1878
4097
2387
3864
3863
5244
3185
830
2755
4841
907
2158
3499
5334
1170
3572
3250
1574
1249
4991
4691
2235
4566
4771
5413
5692
1582
5711
4978
2389
5659
5828
4490
1780
1277
3310
3380
1404
5236
4403
4016
4873
1372
2843
850
5625
495
2971
2377
4100
5551
277
1519
4278
5287
1750
4969
4527
2164
2903
4516
2948
3214
1764
1766
2451
5545
50
3325
3290
3237
88
3143
3858
553
4446
5601
1862
389
1414
1620
916
1383
3610
4001
514
5313
2478
1657
1866
5908
5839
3820
5520
3001
98
1059
3316
123
286
3588
401
3557
2770
4363
1353
847
2615
4361
3574
3623
2991
5795
2166
4941
2744
5245
448
5459
3661
2858
2324
4737
948
1273
3538
1026
2008
1262
3714
2216
4607
2096
1184
5107
15
5043
2309
2926
5568
2260
1643
436
1024
5152
5895
2960
869
5371
5231
5535
4355
1127
2640
2836
4165
5109
3995
4154
2157
966
2346
2167
5367
3676
2874
2910
4504
1110
691
337
5870
502
310
1903
4605
4296
1094
2595
4864
4548
5431
4342
1417
4364
4779
1893
4890
2291
4463
3669
798
3176
39
3958
5000
3747
5841
4343
3045
3086
5205
5762
1213
5579
4335
2013
3183
1622
1442
4074
1921
2433
5208
4503
276
3112
2707
4285
624
2785
4412
1100
3110
5416
4394
3697
5146
5910
2597
4024
2599
4869
3065
1832
508
5268
1187
3275
2178
5890
3879
293
4127
3344
2710
4161
3636
5685
3779
3106
5331
3405
3283
5364
805
2143
2758
5064
4251
1104
3021
4334
829
4336
5075
2342
4398
1438
1073
2607
3657
2465
2030
886
5409
3812
4326
718
792
5802
897
4163
555
1358
5616
4172
1548
2838
3199
1678
224
3619
3530
5652
1666
5757
1672
59
2358
1713
1395
79
5013
2316
3172
3518
3461
554
523
4405
5286
3210
2882
4212
87
522
5653
5904
3910
3130
4051
1693
5861
2941
5461
4367
2815
1017
748
2736
1894
5338
4256
3929
1406
306
4041
3781
3721
1131
3855
1244
3890
1427
2101
2253
2722
1865
5275
5971
4938
1398
78
3251
2514
1126
191
2775
3273
4512
4640
1421
2301
1728
1915
3094
5103
3358
3459
1642
5215
1554
2887
5562
5212
3977
1488
325
973
4782
2078
3945
5397
4015
4411
611
1281
3252
595
2975
1826
5289
1381
30
4407
3677
2443
2138
4762
3213
4808
5088
811
3880
472
2934
242
390
2241
5798
2886
4396
2175
2122
1964
3732
3998
106
4974
353
2696
344
5184
5105
2646
3701
4250
6
2993
2618
890
5135
402
4731
4591
3301
4542
81
521
4574
1906
5912
3712
4933
1738
5823
275
1734
4297
2921
4146
2548
1227
4712
688
1740
2288
3614
1717
2700
5249
4466
1122
2300
4979
4826
1202
386
3145
5234
1342
711
3026
2046
5533
5071
4683
4900
3136
5383
530
3448
3471
5007
60
2002
1400
5808
4253
3060
2015
345
5651
5793
3426
287
3723
4287
3451
26
2602
768
902
64
118
3343
2861
4249
4854
1276
3816
4828
4923
972
1051
1261
3063
1905
2499
814
3985
651
2676
1483
131
1524
3115
3608
3068
2936
2793
2795
3584
5867
692
5418
393
2506
1380
3799
5276
2330
1839
235
2126
4970
5227
4727
2032
4447
1335
861
3057
1247
2432
2723
1423
114
3515
111
3129
5563
5658
3055
1676
1744
3934
5606
953
1211
3627
413
1360
4738
1910
5844
812
5583
4797
3529
3419
2523
5589
1154
2060
5298
756
1007
1476
2653
3937
2641
4902
5136
4572
5810
4211
4996
1537
5582
2694
5086
590
2416
5054
1765
4816
5763
2808
3980
2340
4178
4262
3042
1242
5087
4827
2658
2322
5605
2956
2073
2990
3409
1106
1225
3216
5306
1669
3526
4809
2583
2011
5077
3668
1363
3179
5807
3684
2883
2502
1863
4753
893
97
1562
142
4130
208
4934
3272
4379
2048
2448
2270
4354
2930
2562
1741
4275
2657
2818
2098
1264
1348
5595
28
1257
5761
3544
1691
2003
3424
166
1508
1201
4481
2689
1997
3178
5949
4535
3593
930
797
3375
3710
2162
5182
5008
5471
5849
2967
803
4635
1567
197
3142
4153
270
4266
4155
1248
388
2230
3575
2172
1800
3491
2807
297
4541
860
558
1272
3430
4556
4815
4780
3286
5812
5291
2259
5957
2878
3996
2816
5396
2337
427
76
3470
1940
932
3267
4858
3288
4245
2313
2634
3030
1512
4171
1495
2421
1205
4032
1841
3393
4959
5813
2372
505
4870
3637
1090
3433
4174
3300
2715
3966
2711
1581
4954
1809
3212
3521
3508
5027
906
3819
57
420
3626
2738
5518
5819
5803
1434
314
1070
4426
4520
2534
4029
5183
5604
2522
4708
1823
968
619
2792
2189
2820
4819
2271
5476
706
1912
1005
4194
3647
5724
5580
2799
686
4388
341
2455
1299
3080
3842
1668
3736
4805
2573
3156
959
316
5621
283
956
2593
849
3511
5715
2049
2756
606
1513
5214
0
2553
4995
3579
4564
5
3768
172
4131
195
2984
5608
279
5524
1357
1071
4939
878
5061
981
5341
5936
1545
4093
653
5521
2201
5827
5305
5665
5919
210
2787
198
1014
1492
4750
4434
1793
4415
3005
5441
5881
1374
4080
2485
1506
4019
1648
447
27
3255
4420
841
1725
1561
2587
2133
3263
5267
5116
3442
5443
5181
1533
350
3422
562
4233
3107
4347
1529
3673
4876
824
4440
2299
349
479
732
631
1647
1937
3939
2850
299
2908
4613
1036
537
4112
4220
4857
4538
2981
239
999
3748
4476
4021
397
2712
1989
4308
5513
3089
5745
4912
1173
5816
4350
2863
1226
3963
1134
3775
1305
1297
3260
2290
853
4226
4002
4230
335
3769
2193
2475
465
941
4887
2179
5280
4723
3667
5048
3035
3000
5920
3215
1101
1511
5670
997
1914
4258
1321
2746
5312
2240
3866
4389
1292
5694
2544
5877
5359
5351
905
459
1115
1920
5360
4480
4795
4718
4290
3924
3955
974
4883
1515
4688
3517
1175
4195
190
2571
5216
3954
