0.6394282579421997
0.6291300654411316
0.6523409485816956
0.6838073134422302
0.6783185601234436
0.680896520614624
0.6857008934020996
0.6842264533042908
0.6906885504722595
0.6870710849761963
0.6918980479240417
0.7063909769058228
0.7044717073440552
0.6825950145721436
0.7090927362442017
0.7021622657775879
0.6850154399871826
0.7017149329185486
0.6899341940879822
0.7016835808753967
0.6967118382453918
0.7105950713157654
0.7102967500686646
0.7039015889167786
0.7043513655662537
0.6881381869316101
0.693333089351654
0.7073053121566772
0.7181615233421326
0.7377371191978455
0.7176480889320374
0.7328822612762451
0.719015896320343
0.7354573011398315
0.7111672759056091
0.7388948202133179
0.7356078624725342
0.7455667853355408
0.7448955178260803
0.7416340112686157
0.7449516654014587
0.7332987785339355
0.7399666905403137
0.7298709750175476
0.7337242364883423
0.7334285974502563
0.7253005504608154
0.7095456123352051
0.7421726584434509
0.7275906801223755
0.7333813309669495
0.7309783697128296
0.7392185926437378
0.7347909212112427
0.7357017993927002
0.7350878715515137
0.7157086133956909
0.7369116544723511
0.7424697279930115
0.7339988946914673
0.7302959561347961
0.7340030670166016
0.7321815490722656
0.7383826375007629
0.7406665682792664
0.7358805537223816
0.7324007749557495
0.7341204881668091
0.739276647567749
0.74151211977005
