0.6400036156177521
0.6381635506947835
0.6440525362888972
0.6323054432868958
0.6341712256272634
0.6315553555885951
0.632115493218104
0.6300375352303187
0.629895098010699
0.6308026383320491
0.6296512524286906
0.6294598112503688
0.6327679028113683
0.6315642674763997
0.6298070758581161
0.630210746328036
0.6380591571331025
0.6328626563151677
0.6399983207384745
0.6347190141677856
0.6347842742999394
0.6307906250158946
0.6325328151384989
0.6330357958873113
0.631923645734787
0.6386825054883957
0.6367197970549265
0.6324711074431737
0.6292381048202514
0.6317657023668289
0.6301842172940572
0.6304270644982656
0.6312826136747997
0.6331069479386012
0.631322901447614
0.6287667800982794
0.6288905382156372
0.6303393135468165
0.6337153861920038
0.6323990662892659
0.62899283071359
0.6299914330244064
0.6304743568102519
0.6306065112352371
0.6346560209989548
0.6330125361680985
0.6344258685906728
0.6385543425877889
0.6316883742809296
0.6320459961891174
0.63325008948644
0.634879274169604
0.6300426582495372
0.6316459914048512
0.6330810358126958
0.6331866711378098
0.6397849003473918
0.6307580182949702
0.6297807852427165
0.6319139719009399
0.6333087941010793
0.6310520619153976
0.6312412639458974
0.6324079155921936
0.6318863769372304
0.630127873023351
0.6315837174654007
0.6309482942024867
0.6305223127206167
0.6308353751897812
