203
4164
3831
1039
5373
1013
1526
5346
4260
2213
3822
5131
1324
4907
1193
1897
856
4850
4563
1994
3135
1936
2582
2977
1731
935
3719
4531
3307
5078
1450
3266
3920
3743
4628
4922
1192
3211
657
2107
4851
1840
5947
1980
77
4056
2939
473
3173
1075
804
2616
3014
382
4777
1009
5486
2893
3502
294
4515
3278
5309
4098
5682
1084
2911
2753
4681
845
2069
4187
3383
4925
5144
3374
4596
4120
2703
3486
4110
1509
2695
1756
3654
5241
879
3079
3223
5374
2725
664
1599
2267
3709
3756
864
285
1150
4624
5168
5021
5295
4921
4965
4946
1552
868
1835
5543
4884
5237
712
5300
1441
1762
1462
5964
2480
747
942
2520
2565
4191
1218
5578
140
2698
4784
4829
2336
4385
2331
3745
5642
2020
4079
4984
3437
4030
1884
2866
2232
1783
2131
2842
5229
5156
991
5512
5619
1774
1055
3364
3585
694
2264
1236
4183
3633
4418
3198
4417
3722
1557
3878
4935
5323
1892
4754
3318
5421
4863
1679
2045
2965
1435
5458
3785
3120
2959
1723
5618
1716
837
2518
104
3463
3859
4437
1847
488
2982
641
1930
3050
1286
2649
524
1137
3780
5717
5522
1382
1907
3970
1373
857
3381
5016
3674
3208
4837
2895
3755
2938
1535
2217
2365
2124
2295
1538
4798
396
1116
5907
3728
4877
5935
843
5830
5335
1151
4432
300
380
5921
4972
3514
2826
4615
71
1925
3583
3764
2765
4646
3387
2474
1603
1389
5983
1233
2219
5265
5155
2754
2739
4982
5686
1943
1572
201
4928
3873
3002
5515
4715
5148
3127
2521
4114
4648
61
3039
1542
783
3121
1045
4593
1767
2014
5873
5502
2383
1963
5180
1654
3726
5308
2177
381
3423
1283
1266
2044
1288
182
340
3326
4320
5098
3074
4650
4651
3494
4090
2914
5564
4637
5741
4231
5519
538
1093
5863
5361
4952
2564
1265
1123
1743
3848
2810
3147
2983
3964
4496
487
3099
204
4748
774
4636
3724
4493
5462
5639
2624
3861
456
4276
3899
4577
1735
1275
1815
169
1998
1282
2954
3352
2263
3950
1096
680
4323
4511
2329
4994
5753
3029
5851
4855
604
5594
4904
3017
4594
1167
1584
4259
1530
2943
1119
5922
1776
5632
5114
5758
4733
683
1614
5837
1168
5223
4351
786
2796
1587
5423
4261
3469
5414
4267
454
1178
5132
1880
62
5259
4514
5304
1870
4561
3103
1576
4495
1941
4528
2320
4773
5314
1155
4208
2839
5777
2642
2394
2512
5166
5429
5111
4457
5332
2958
1674
1025
3706
1636
1854
4209
1822
2151
2378
4352
1961
1019
3796
5118
2042
2972
2483
1308
418
1189
3651
819
4951
2970
4378
471
1983
4895
2918
2638
1710
5906
5407
4137
4526
2353
1139
3363
1736
2627
1061
452
3923
284
2025
2065
4456
501
3004
2505
507
5640
